-60 0.459565
-59 0.356695
-58 0.779128
-57 1.387488
-56 1.850019
-55 2.085647
-54 2.424327
-53 2.785560
-52 3.118352
-51 3.348734
-50 3.109893
-49 3.372455
-48 3.420772
-47 3.665611
-46 3.569762
-45 3.677128
-44 3.807882
-43 4.021900
-42 4.333909
-41 4.231064
-40 4.075569
-39 3.904372
-38 3.833252
-37 3.595584
-36 3.430386
-35 3.363914
-34 3.305337
-33 3.705337
-32 3.586565
-31 3.448422
-30 3.450277
-29 3.280009
-28 3.293808
-27 3.190734
-26 3.290547
-25 3.064139
-24 3.284764
-23 3.531916
-22 3.474024
-21 3.625349
-20 3.736337
-19 3.789394
-18 3.824941
-17 3.969925
-16 3.951088
-15 4.230031
-14 4.376652
-13 4.465721
-12 4.682374
-11 4.664233
-10 4.719160
-9 4.778570
-8 4.748429
-7 5.008812
-6 5.203782
-5 5.531123
-4 5.942959
-3 6.367560
-2 6.709504
-1 7.567002
0 9.805613
1 10.083382
2 10.135632
3 10.173595
4 9.947166
5 9.851919
6 9.956819
7 9.871856
8 9.544931
9 9.422603
10 9.304353
11 9.307532
12 9.399066
13 9.482292
14 9.623602
15 9.799746
16 9.684677
17 9.655534
18 9.758144
19 9.608057
20 9.691138
21 9.602614
22 9.767009
23 9.747319
24 9.774134
25 9.745211
26 9.812785
27 9.823077
28 9.669977
29 9.379043
30 9.018812
31 8.770375
32 8.600014
33 8.522708
34 8.567040
35 8.533980
36 8.722647
37 8.920595
38 9.190781
39 9.401482
40 9.558843
41 9.913519
42 10.048133
43 10.151297
44 10.093346
45 10.025003
46 10.023819
47 10.010125
48 10.184402
49 10.200145
50 10.052644
51 10.159521
52 10.174190
53 10.333980
54 10.478179
55 10.435237
56 10.735758
57 11.055662
58 11.235910
59 11.167758
