-60 0.175198
-59 0.268573
-58 0.485748
-57 0.971009
-56 1.367625
-55 1.540889
-54 1.872915
-53 2.171285
-52 2.384003
-51 2.585253
-50 2.545833
-49 2.643961
-48 2.828643
-47 2.909623
-46 2.958813
-45 2.876370
-44 2.906953
-43 3.253541
-42 3.308110
-41 3.468808
-40 3.476462
-39 3.527344
-38 3.653459
-37 3.570810
-36 3.680260
-35 3.623837
-34 3.461727
-33 3.814677
-32 3.804733
-31 3.790998
-30 3.688440
-29 3.608661
-28 3.544335
-27 3.514002
-26 3.653812
-25 3.588000
-24 3.788318
-23 3.869542
-22 3.743166
-21 3.772461
-20 3.735171
-19 3.553801
-18 3.504878
-17 3.603248
-16 3.498742
-15 3.484813
-14 3.623944
-13 3.782869
-12 3.956375
-11 3.916324
-10 3.936715
-9 3.954418
-8 4.099571
-7 4.169367
-6 4.369888
-5 4.530520
-4 4.661248
-3 5.006996
-2 5.237643
-1 5.115331
0 5.608581
1 5.352626
2 5.258232
3 5.168878
4 5.048094
5 5.094556
6 5.107580
7 5.098463
8 4.842356
9 4.827411
10 4.906097
11 4.944044
12 5.010037
13 5.211219
14 5.334471
15 5.382921
16 5.322676
17 5.174284
18 5.004609
19 5.142177
20 5.162944
21 5.062391
22 4.978805
23 5.075956
24 5.047994
25 5.075963
26 5.325507
27 5.345523
28 5.378371
29 5.153212
30 5.044630
31 4.893382
32 4.717215
33 4.575844
34 4.570116
35 4.394864
36 4.563085
37 4.607295
38 4.810099
39 5.001966
40 5.249930
41 5.400835
42 5.476666
43 5.700144
44 5.890844
45 6.002106
46 6.212640
47 6.208462
48 6.207313
49 6.187776
50 6.292276
51 6.482033
52 6.321842
53 6.454998
54 6.522113
55 6.585089
56 6.862927
57 6.962515
58 7.079878
59 7.326129
