-60 0.344312
-59 0.189004
-58 0.596915
-57 1.075600
-56 1.453639
-55 1.738070
-54 1.772600
-53 1.871653
-52 2.002380
-51 1.862104
-50 1.729472
-49 1.931222
-48 2.024135
-47 2.063204
-46 1.950628
-45 1.858789
-44 1.971433
-43 2.144648
-42 1.975140
-41 1.955177
-40 1.983022
-39 1.940822
-38 2.172401
-37 1.975661
-36 2.101019
-35 2.252543
-34 2.052235
-33 2.564173
-32 2.603342
-31 2.534987
-30 2.945158
-29 2.825630
-28 2.983997
-27 3.312802
-26 3.382228
-25 3.607761
-24 3.674566
-23 4.221154
-22 4.248682
-21 4.065123
-20 4.273569
-19 4.208450
-18 4.236283
-17 4.183851
-16 4.189519
-15 4.433830
-14 4.337301
-13 4.370914
-12 4.384791
-11 4.434894
-10 4.325926
-9 4.274342
-8 4.308337
-7 4.445434
-6 4.553843
-5 4.539623
-4 4.833898
-3 5.234204
-2 5.749491
-1 4.712073
0 3.706337
1 3.762674
2 3.739422
3 4.105814
4 3.828237
5 3.649589
6 3.730963
7 3.412171
8 3.129988
9 3.105225
10 3.168559
11 3.353156
12 3.171512
13 3.195869
14 3.339121
15 3.423167
16 3.432179
17 3.233306
18 3.241956
19 3.185424
20 3.261705
21 3.286616
22 3.353848
23 3.470610
24 3.489699
25 3.743617
26 3.907531
27 3.682152
28 3.848352
29 3.640435
30 3.564026
31 3.384807
32 3.322294
33 3.145033
34 3.120697
35 2.689013
36 2.705903
37 2.821114
38 2.805675
39 2.947507
40 2.836138
41 3.263569
42 3.036779
43 2.839251
44 2.845280
45 2.865647
46 3.070722
47 3.237962
48 3.037056
49 2.629995
50 2.528515
51 2.798822
52 2.390513
53 2.836926
54 3.042790
55 2.923656
56 3.127565
57 3.306783
58 3.414861
59 3.281215
